#SNAP Colour Palette Definition File
#Thu Apr 17 15:54:52 CEST 2014
autoDistribute=false
color0=0,0,128
color1=51,102,255
color2=0,255,255
color3=51,153,102
color4=153,204,51
color5=255,255,0
color6=255,153,0
color7=209,38,3
color8=193,3,3
numPoints=9
sample0=0.00487214643550784
sample1=0.011397092867462917
sample2=0.026660472452740384
sample3=0.062365096052916055
sample4=0.1458865821895689
sample5=0.3412629212483782
sample6=0.7982939875008171
sample7=1.8673968099104887
sample8=4.368278980255129
