#SNAP Colour Palette Definition File
#Thu Apr 17 16:44:01 CEST 2014
autoDistribute=false
color0=29,40,140
color1=1,122,161
color2=106,180,181
color3=210,238,201
color4=245,245,171
color5=175,175,55
color6=176,68,16
numPoints=7
sample0=0.01658728277411975
sample1=0.041383069994503585
sample2=0.10324526961353767
sample3=0.2575832508073439
sample4=0.6426360388697095
sample5=1.603291662636228
sample6=4.000000000000001
