#SeaDAS Color Palette Definition File
#Mon Dec 07 14:58:28 EST 2015
isLogScaled=true
numPoints=21
autoDistribute=false
color0=17,33,130
color1=22,40,134
color2=28,48,140
color3=35,58,147
color4=45,70,153
color5=57,85,159
color6=72,102,167
color7=92,124,174
color8=117,150,182
color9=150,180,191
color10=196,217,200
color11=149,193,128
color12=111,165,80
color13=81,144,52
color14=60,122,34
color15=44,106,22
color16=33,92,14
color17=24,79,9
color18=18,68,6
color19=13,59,4
color20=10,51,3
sample0=0.01
sample1=0.013108999999999999
sample2=0.017185
sample3=0.022536000000000004
sample4=0.029543000000000003
sample5=0.038729000000000006
sample6=0.050771
sample7=0.066556
sample8=0.08728299999999999
sample9=0.11442099999999998
sample10=0.1499969999999999
sample11=0.2520851715298311
sample12=0.5013862673269619
sample13=1.0
sample14=2.0
sample15=3.0
sample16=5.0
sample17=10.0
sample18=20.0
sample19=30.0
sample20=50.0
