#SNAP Colour Palette Definition File
#Mon Mar 21 13:42:34 EDT 2016
autoDistribute=true
color0=0,0,255
color1=0,255,255
color2=255,255,153
color3=102,153,0
color4=102,102,0
color5=255,200,0
color6=255,255,0
color7=255,255,255
numPoints=8
sample0=-3.084949254989624
sample1=47.06063503872997
sample2=97.20621933244956
sample3=246.25646269752318
sample4=502.52402498205026
sample5=803.8115644246699
sample6=1028.717839373492
sample7=1146.656005859375
